$ANSIBLE_VAULT;1.1;AES256
65336632376433356630393439373136353064396330323731623439313235653139343535333763
6562323932626532653133343866363838316261373866350a356464656136353163653631613063
35643463396265346234626262613262306331303331316235626164303032656364356462353661
6361646266643235330a653665333732396131646532616430383438306433303934626633363861
39373130303364353034653436336637656330643561616161656432643861383832333639623131
30373439613162616461363664643165666366353139666537633861353230303864633866376535
62313462396238646332333634356432643963393938633630616566373031663034363864646630
33636463336431616636613530616365656666376365666163613263373939666334303764646361
62613064646534363034376636393762303230316235633934323634326362643862386464653938
36396366306236386565356164383762353862313565386664383236646363326638653165333765
613438633464643330376532616530646361
